210101000
2101010003291
2101010007589
2101010007657
2101010009422
2101010009644
2101010009729
2101010009743
2101010009804
2101010009828
2101010009835
2101010009895
2101010010203
2101010010343
2101010010398
2101010010404
2101010010411
2101010010428
2101010010442
2101010010459
2101010010480
2101010010497
2101010010503
2101010010534
2101010010541
2101010010558
2101010010565
2101010010589
2101010010596
2101010010602
2101010010626
2101010010640
2101010010657
2101010010664
2101010010671
2101010010688
2101010010695
2101010010718
2101010010893
2101010010930
2101010010947
2101010010954
2101010010961
2101010010978
2101010011166
2101010011173
2101010011180
2101010011197
2101010011210
2101010011227
2101010011234
2101010011241
2101010011258
2101010011265
2101010011302
2101010011487
2101010011494
2101010011500
2101010011562
2101010011579
2101010011586
2101010011593
2101010011609
2101010011616
2101010011623
2101010011630
2101010011647
2101010011661
2101010011678
2101010011685
2101010011692
2101010011708
2101010011715
2101010011722
2101010011739
2101010011746
2101010011753
2101010011760
2101010011777
2101010011784
2101010011791
2101010011807
2101010011814
2101010011821
2101010011913
2101010011920
2101010011937
2101010011944
2101010011951
2101010011968
2101010012064
2101010012088
2101010012095
2101010012101
2101010012118
2101010012125
2101010012132
2101010012149
2101010012156
2101010012163
2101010012170
2101010012187
2101010012194
2101010012200
2101010012217
2101010012224
2101010012231
2101010012248
2101010012255
2101010012262
2101010012279
2101010012286
2101010012293
2101010012316
2101010012330
2101010012347
2101010012729
2101010012736
2101010013207
2101010013214
2101010013221
2101010013238
2101010013269
2101010013276
2101010013283
2101010013290
2101010013306
2101010013412
2101010013429
2101010013436
2101010013443
2101010013450
2101010013467
2101010013481
2101010013498
2101010013504
2101010013528
2101010013566
2101010013573
2101010013580
2101010013610
2101010013634
2101010013641
2101010013665
2101010013672
2101010013689
2101010013696
2101010013702
2101010013719
2101010013788
2101010013795
2101010013801
2101010014112
2101010014129
2101010014136
2101010014143
2101010014150
2101010014242
2101020002383
2101020012597
2101020013051
2101020013389
2101020013716
2101020013761
2101020013839
2101020013846
2101020013860
2101020013877
2101020014164
2101020014195
2101020014355
2101020014614
2101020015437
2101020016267
2101020017080
2101020017097
2101020017103
2101020017110
2101020017127
2101020017134
2101020017141
2101020017196
2101020017271
2101020017288
2101020017295
2101020017356
2101020017455
2101020017561
2101020017783
2101020017837
2101020017868
2101020018421
2101020018858
2101020018933
2101020018940
2101020018964
2101020018988
2101020018995
2101020019008
2101020019015
2101020019268
2101020019572
2101020019589
2101020020639
2101020021155
2101020021315
2101020021353
2101020021803
2101020021810
2101020021865
2101020022954
2101020023241
2101020023296
2101020023319
2101020023562
2101020025481
2101020025504
2101020025535
2101020025542
2101020025559
2101020025566
2101020025573
2101020025580
2101020025597
2101030002229
2101030002748
2101030002762
2101030003684
2101030003691
2101030004186
2101030004193
2101030004209
2101030004216
2101030004223
2101030004230
2101040000475
2101050000717
2101050000793
2101050000908
2101050000960
2101050001004
2101050001011
2101050001028
2101050001042
2101050001059
2101050001066
2101050001226
2101060000523
2101060000578
2101060000585
2101060000592
2101060000608
2101060000615
2101060000639
2101060000646
2101100001084
2101100001091
2101100001251
2101100001404
2101120002719
2101120002726
2101120002733
2101120002740
2101120002757
2101120002764
2101120002788
2101120002863
2101120002887
2101120002894
2101120002900
2101120003020
2101120003129
2101120003136
2101120003181
2101120003501
2101120003549
2101120003556
2101120003655
2101120004201
2101120004348
2101120004355
2101120004362
2101130000019
2101130000026
2101130000033
2101130000040
2101130000057
2101130000064
210114000
2101140001617
2101140001624
2101140001662
2101140001709
2101140001785
2101140001921
2101140001945
2101140001952
2101140001969
2101140001976
2101140002003
2101140002027
2101140002034
2101140002041
2101140002058
2101140002089
2101310000440
2101310000600
2101310000815
2101310000822
2101310000839
2101320000362
2101330000017
2101330000024
2101330000031
2101330000079
2101330000086
2101330000093
2101330000109
2101330000123
2101330000147
2101340000731
2101340000748
2101340001400
2101340001462
2101340001660
2101340001684
2101340001844
2101340001851
2101340001943
2101340001974
2101340001981
2101340001998
2101340002018
2101350000042
2101350000059
2101380000012
2101380000029
2101380000036
2101380000043
2101380000050
2101380000067
2101380000074
2101380000081
2101990042075
2109030000078
2109110000578
2109110000585
3249990059316
3249990059323
3249990059330
3249990059347
3249990059354
3249990059361
3249990059385
3249990059392
3249990059408
3249990059415
3341210850335
3429671951492
3429672050767
3429672148495
3429672148532
3429672148556
3429672246917
3429672246962
3429672247068
3429672247105
3454100260532
3454100262542
3571960010318
3701266201824
3760025670431
3760089510087
3760089510124
3760157721780
3760177602724
3760177602731
3760177602755
3760177602762
3760177602779
3760177602786
3760177602793
3760177602816
3760177602823
3760177602830
3760177602847
3760177602960
3760177602977
3760177603035
3760177603042
3760177603066
3760177603073
3760177603134
3760177603172
3760177603257
3760177603271
3760177603349
3760177603356
3760177609938
3760177609952
3760237470997
4515286037283
4571531970545
4571531970781
4571531970828
4571531970989
4571531971078
4571531971146
4571531971191
4571531971627
4571531971696
4571531971870
4571531972815
4571531973225
4571531973232
4571531973249
4571531973256
4571531973263
4571531973270
4571531973287
4571531975953
4571531976370
4571531976387
4571531976394
4571531976400
4571531976417
4571531976424
4571531976431
4571531976448
4571531976455
4571531976462
4571531976479
4571531976486
4571531976493
4571531976509
4571531976516
4571531976523
4571531976530
4571531976547
4571531976554
4571531976561
4571531976578
4571531976585
4571531976592
4571531976608
4571531976615
4571531976622
4571531976639
4571531976646
4571531976653
4571531976660
4571531976677
4571531976684
4571531977087
4571531977124
4571531977131
4571531977148
4571531977155
4571531977162
4571531977179
4571531977209
4571531977216
4571531978596
4571531978602
4571531978794
4571531978800
4571531978886
4571531978954
4571531979128
4571531979142
4571531979258
4571531979265
4571531979289
4571531979296
4571531979302
4571531979333
4571531979968
4571531979975
4571691910016
4571691910023
4571691910047
4571691910054
4571691910122
4571691910276
4571691910283
4571691910290
4571691910306
4571691910313
4571691910320
4571691910337
4571691910344
4571691910351
4571691910368
4571691910375
4571691910382
4571691910399
4571691910450
4571691910467
4571691910474
4571691910481
4571691910917
4571691910948
4571691910955
4571691911051
4571691911075
4571691911082
4571691911099
4571691911105
4571691911150
4571691911167
4571691911235
4571691911273
4571691911280
4571691911297
4571691913383
4571691913574
4571691913581
4571691913710
4571691913727
4571691913734
4571691913741
4571691913758
4571691914205
4571691916193
4571691916209
4571691916216
4571691916223
4571691917978
4571691917985
4571691917992
4571691918005
4571691918012
4571691918036
4571691918043
6009679750227
6009679751590
7798074863975
9421904809468
9421904809680
